camera_matrix:
- - 559.933357702163
  - 0.0
  - 640.5283169916149
- - 0.0
  - 556.8863039163979
  - 362.6814257152788
- - 0.0
  - 0.0
  - 1.0
dist_coeff:
- - -0.05152339363259177
  - 0.1397406416805854
  - -0.002481788522966798
  - 0.0002377054578621766
  - -0.09210858402238659
