camera_matrix:
- - 508.1065150333877
  - 0.0
  - 326.65670182428875
- - 0.0
  - 505.26808000107604
  - 245.95220403896212
- - 0.0
  - 0.0
  - 1.0
dist_coeff:
- - 0.21075458513685844
  - -0.509650456878381
  - -0.0009909589725932719
  - 0.001878353264444303
  - 0.3669612998361984
